-1500.000000 -1500.000000 -1500.000000
-1500.000000 -1500.000000 1500.000000



-1500.000000 1500.000000 -1500.000000
-1500.000000 1500.000000 1500.000000



1500.000000 1500.000000 -1500.000000
1500.000000 1500.000000 1500.000000



1500.000000 -1500.000000 -1500.000000
1500.000000 -1500.000000 1500.000000



-1500.000000 -1500.000000 -1500.000000
-1500.000000 1500.000000 -1500.000000



-1500.000000 -1500.000000 1500.000000
-1500.000000 1500.000000 1500.000000



1500.000000 -1500.000000 1500.000000
1500.000000 1500.000000 1500.000000



1500.000000 -1500.000000 -1500.000000
1500.000000 1500.000000 -1500.000000



-1500.000000 -1500.000000 -1500.000000
1500.000000 -1500.000000 -1500.000000



-1500.000000 -1500.000000 1500.000000
1500.000000 -1500.000000 1500.000000



-1500.000000 1500.000000 1500.000000
1500.000000 1500.000000 1500.000000



-1500.000000 1500.000000 -1500.000000
1500.000000 1500.000000 -1500.000000



